0.117719063463799
0.863755489904414
0.823512767654102
0.806056085594371
0.311710899324166
0.488943292024191
0.637718212393537
0.934886183304077
0.121266841368935
0.281178608644359
0.851365682007759
0.597306251141014
0.186258545061179
0.246431877196383
0.0126675134072908
0.348713175350392
0.865523127729234
0.666543503018577
0.996680556094167
0.432394781033197
0.290874906098996
0.478228767940593
0.069887545870754
0.230339222640727
0.868852237445407
0.820865487210042
0.525558739063767
0.0737303318270188
0.914467628019918
0.773563891810801
0.931440973961775
0.20042257699027
0.884283520056483
0.110664994683773
0.928335688923787
0.811563058747825
0.961431606038852
0.456535717166468
0.559516161886588
0.992155020854216
0.263753410456759
0.962184624760036
0.981595125590796
0.343344175703338
0.261852143892175
0.110517120585204
0.17210723126749
0.174812590266214
0.579187564767357
0.523208475716683
0.544017600259732
0.207120787992752
0.151944287394453
0.131663665292871
0.949098885325947
0.641773580051833
0.794179954548537
0.593628308748959
0.938422055942446
0.491828775087012
0.956283745325084
0.557600169970606
0.0123797988413027
0.340195378360459
0.339224938099078
0.64519810622419
0.705827650952187
0.0681935687285312
0.311466891956146
0.195799541071596
0.198545930823717
0.222969498668847
