0.414050363407297
0.855303274702822
0.56124871608061
0.0554568577631403
0.979513588692451
0.373628507064623
0.515800261400281
0.767274511862182
0.0390063163043164
0.0837868661005611
0.91955158925072
0.805248176199671
0.602574092349829
0.114062665854361
0.682037957511575
0.51666249476586
0.530881812730284
0.398954937321501
0.352673331470911
0.258046877612434
0.655070198038007
0.0826062017141215
0.380954534409558
0.0307885069047779
0.392754362566379
0.643335954051308
0.18367535305231
0.427957990960118
0.611525827778845
0.918453711891697
0.683256360316667
0.0942180674800585
0.776988080332109
0.576990411259445
0.235330212220885
0.0924782524718642
0.446616712609756
0.782242282728196
0.50593335558864
0.216731864240892
0.723527570228757
0.172396061217338
0.336488191665929
0.377268844638172
0.340352851312405
0.804359335775436
0.0501528194185573
0.805985440844709
0.900442621795818
0.532380891965849
0.00969318936787712
0.400160751225472
0.747287172463892
0.982253352554236
0.913239185617432
0.330503580153591
0.47508905683785
0.532523027626612
0.662581643780568
0.33989175327724
0.23561555818688
0.0548595097698634
0.198806190033605
0.0773621843990637
0.44370263214228
0.782602739219994
0.078267534085727
-0.00874535257201317
0.924075060353959
0.553907288733214
-0.919459622676978
-0.227091965673481
