0.317187470097963
0.461058822397582
0.310866259467258
0.0727033490933565
0.0838853733065711
0.772943450123912
0.191437366793713
0.11242911693928
0.728771963665748
0.394124772357086
0.815973471831097
0.0508937368900385
0.134445735694069
0.585681629233958
0.731444703220449
0.143080132865599
0.079290182757234
0.306553343048078
0.286662036470357
0.286187344324697
0.0466976373480421
0.573489700508771
0.296973255824601
0.498252216365094
0.0257421525210315
0.454633758911502
0.502542516391897
0.119442240087385
0.804399595140149
0.903867872890898
0.352446670879088
0.25335266392744
0.624104020388823
0.147829780949904
0.0161434002457066
0.2290228994975
0.826864813029517
0.153862770846566
0.883313738619445
0.568355493622764
0.282017073956512
0.903320812770693
0.975228640838672
0.580001089533187
0.242434930907039
0.134685392893446
0.263100109269466
0.8076928357407
0.941676052301274
0.207364766317878
0.38731853724056
0.824014010886642
0.114317854898472
0.521405201935572
0.348320212155924
0.743697886181935
0.164085584432547
0.812614037080929
0.0469622251866598
0.629284302021364
0.270400915783351
0.0719950367991453
0.30802958125401
0.824908971641828
0.0414521455675979
0.562620955099009
0.426789712847821
0.986615801036691
0.569511562612643
0.502401131626184
0.314613334507646
0.925329861505672
0.42163780144572
0.718208434117077
0.00259597553151957
0.143279284971099
0.596659362596575
0.716874464066986
0.254284322249304
0.890957064937197
-0.0116775339178481
0.486284779044151
